?

>at z


ELM327 v1.5

>01 05
41 05 60 

>01 33
41 33 63 

>at h1
OK

>a
?

>01 33
7E8 03 41 33 63 

>at ma
223 00 00 00 00 00 00 00 2D 
0B4 00 00 00 00 00 00 00 BC 
224 00 00 00 00 00 00 00 00 
0B0 00 00 00 00 00 00 
0B2 00 00 00 00 00 00 
2C4 00 00 00 27 00 80 11 86 
0B0 00 00 00 00 00 00 
0B2 00 00 00 00 00 00 
0B4 00 00 00 00 00 00 00 BC 
0B0 00 00 00 00 00 00 
0B2 00 00 00 00 00 00 
440 42 02 00 00 06 00 00 00 <DATA ERROR
2C1 08 FA 31 0D 2
BUFFER FULL

>at ma
0B2 00 00 00 00 00 00 
2C1 08 FA 30 0D 29 91 00 C4 <DATA ERROR
2C6 00 00 00 00 CD 
2D0 00 00 09 00 20 00 00 03 
0B0 00 00 00 00 00 00 
0B2 00 00 00 00 00 00 
2C4 00 00 00 27 00 80 11 86 
0B4 00 00 00 00 00 00 00 BC 
0B0 00 00 00 00 00 00 
0B2 00 00 00 00 00 00 
223 00 00 00 00 00 00 00 2D 
0B0 00 00 00 00 00 00 
224 00 00 00 00 00 00 00 00 
0B2 00 00 00 00 00 00 
2C1 08 FA 30 0D 29 91 00 C
BUFFER FULL

>at ma
2D0 00 00 09 00 20 00 00 03 
3A0 00 00 00 00 00 00 00 2E 
0B0 00 00 00 00 00 00 
0B2 00 00 00 00 00 00 
0B4 00 00 00 00 00 00 00 BC 
0B0 00 00 00 00 00 00 
2C4 00 00 00 27 00 80 11 86 
0B2 00 00 00 00 00 00 
2C1 08 FA 30 0D 29 91 00 C4 <DATA ERROR
223 00 00 00 00 00 00 00 2D 
0B0 00 00 00 00 00 00 
224 00 00 00 00 00 00 00 00 
0B2 00 00 00 00 00 00 
2C6 00 00 00 00 CD 
2D0 00 
BUFFER FULL

>at ma
621 11 00 00 00 00 00 00 00 
0B0 00 00 00 00 00 00 
0B2 00 00 00 00 00 00 
622 12 00 00 00 00 00 00 00 
2C4 00 00 00 27 00 80 11 86 
2C1 08 FA 30 0D 29 91 00 C4 <DATA ERROR
0B4 00 00 00 00 00 00 00 BC 
0B0 00 00 00 00 00 00 
0B2 00 00 00 00 00 00 
2C6 00 00 00 00 CD 
624 1A 00 41 49 49 40 00 00 
2D0 00 00 09 00 20 00 00 03 
223 00 00 00 00 00 00 00 2D 
0B0 00 00 
BUFFER FULL

>at ma
0B0 00 00 00 00 00 00 
0B2 00 00 00 00 00 00 
2C1 08 FA 30 0D 29 91 00 C4 <DATA ERROR
4DC 1D 00 03 03 00 00 00 00 
2C6 00 00 00 00 CD 
2D0 00 00 09 00 20 00 00 03 
0B4 00 00 00 00 00 00 00 BC 
0B0 00 00 00 00 00 00 
0B2 00 00 00 00 00 00 
2C4 00 00 00 27 00 80 11 86 
223 00 00 00 00 00 00 00 2D 
0B0 00 00 00 00 00 00 
224 00 00 00 00 0
BUFFER FULL

>at ma
223 00 00 00 00 00 00 00 2D 
0B4 00 00 00 00 00 00 00 BC 
224 00 00 00 00 00 00 00 00 
0B0 00 00 00 00 00 00 
0B2 00 00 00 00 00 00 
2C1 08 FA 30 0D 29 91 00 C4 <DATA ERROR
442 40 02 00 00 05 00 00 00 <DATA ERROR
2C6 00 00 00 00 CD 
2C4 00 00 00 27 00 80 11 86 
2D0 00 00 09 00 20
BUFFER FULL

> at ma
223 00 00 00 00 00 00 00 2D 
0B4 00 00 00 00 00 00 00 BC 
224 00 00 00 00 00 00 00 00 
0B0 00 00 00 00 00 00 
0B2 00 00 00 00 00 00 
2C4 00 00 00 27 00 80 11 86 
0B0 00 00 00 00 00 00 
0B2 00 00 00 00 00 00 
0B4 00 00 00 00 00 00 00 BC 
0B0 00 00 00 00 00 00 
0B2 00 00 00 00 00 00 
3A0 00 00 00 00 00 00 00 2E 
2C1 08 FA 30 0D 29 91 00 C4 <DATA
BUFFER FULL

> tat ma
?

>	
?

>at ma
2C4 00 00 00 27 00 80 11 86 
2D0 00 00 09 00 20 00 00 03 
380 80 00 20 00 00 00 2C 00 <DATA ERROR
0B0 00 00 00 00 00 00 
0B2 00 00 00 00 00 00 
223 00 00 00 00 00 00 00 2D 
0B4 00 00 00 00 00 00 00 BC 
224 00 00 00 00 00 00 00 00 
0B0 00 00 00 00 00 00 
0B2 00 00 00 00 00 00 
2C4 00 00 00 27 00 80 11 86 
2C1 08 FA 30 0D 29 91 00 C4 <DATA ERROR
0B0 00 00 00 00 00 00 
0
BUFFER FULL

>